
Total time: 15.2315 ms, TP: 67229 

Total time: 1.6585 ms, TP: 617415 
coeff 0 -3454.9999999701976776 -3455.0000000000000000
coeff 1 4370.9999998807907104 4371.0000000000000000
coeff 2 -3746.9999998807907104 -3747.0000000000000000
coeff 3 2867.0000000149011612 2867.0000000000009095
coeff 4 6001.0000000670552254 6001.0000000000000000
coeff 5 -3340.0000000819563866 -3340.0000000000000000
coeff 6 -945.9999999403953552 -946.0000000000000000
coeff 7 -943.0000001937150955 -943.0000000000000000
coeff 8 4983.0000001490116119 4983.0000000000009095
coeff 9 5193.0000000856816769 5192.9999999999990905
coeff 10 717.9999999701976776 718.0000000000002274
coeff 11 2586.0000000298023224 2586.0000000000000000
coeff 12 -4648.9999999627470970 -4649.0000000000000000
coeff 13 5237.0000000894069672 5237.0000000000000000
coeff 14 5568.0000000968575478 5568.0000000000009095
coeff 15 1266.9999999813735485 1267.0000000000000000
coeff 16 -3108.9999998658895493 -3109.0000000000036380
coeff 17 -1194.9999999180436134 -1195.0000000000000000
coeff 18 -1970.0000000000000000 -1970.0000000000018190
coeff 19 -2949.9999999403953552 -2950.0000000000000000
coeff 20 -3756.9999999701976776 -3757.0000000000000000
coeff 21 -168.9999999701976776 -169.0000000000000000
coeff 22 3780.0000000447034836 3779.9999999999995453
coeff 23 5956.0000001862645149 5955.9999999999990905
coeff 24 2138.0000001117587090 2137.9999999999990905
coeff 25 -5773.0000000298023224 -5773.0000000000009095
coeff 26 4071.0000001788139343 4071.0000000000004547
coeff 27 3448.0000001415610313 3447.9999999999995453
coeff 28 865.9999999701976776 866.0000000000010232
coeff 29 -185.9999999627470970 -185.9999999999998863
coeff 30 -1312.0000000577419996 -1312.0000000000000000
coeff 31 -716.9999999105930328 -716.9999999999986358
coeff 32 -2168.0000000298023224 -2168.0000000000018190
coeff 33 -3447.9999998360872269 -3447.9999999999981810
coeff 34 -1626.9999998956918716 -1626.9999999999981810
coeff 35 -537.9999998435378075 -537.9999999999981810
coeff 36 5136.0000001266598701 5136.0000000000000000
coeff 37 -6014.9999999776482582 -6015.0000000000009095
coeff 38 -5281.9999997690320015 -5282.0000000000000000
coeff 39 -678.9999999310821295 -679.0000000000000000
coeff 40 -4228.9999999031424522 -4229.0000000000000000
coeff 41 932.0000000521540642 932.0000000000006821
coeff 42 142.0000000894069672 142.0000000000000000
coeff 43 3469.0000000000000000 3469.0000000000009095
coeff 44 -1137.9999999031424522 -1137.9999999999981810
coeff 45 1452.0000000596046448 1452.0000000000006821
coeff 46 -1190.0000000074505806 -1190.0000000000000000
coeff 47 4571.0000000596046448 4571.0000000000009095
coeff 49 -6077.9999998286366463 -6078.0000000000000000
coeff 50 5091.0000000745058060 5091.0000000000000000
coeff 51 -2180.9999999292194843 -2181.0000000000000000
coeff 52 2000.0000000223517418 1999.9999999999988631
coeff 53 -5622.0000000000000000 -5621.9999999999981810
coeff 54 -2997.9999998398125172 -2998.0000000000000000
coeff 55 -4102.0000000540167093 -4102.0000000000000000
coeff 56 1036.0000001713633537 1036.0000000000000000
coeff 57 -6048.9999999180436134 -6048.9999999999990905
coeff 58 5948.0000000596046448 5947.9999999999981810
coeff 59 -5354.9999999552965164 -5355.0000000000000000
coeff 60 -2238.9999999552965164 -2239.0000000000000000
coeff 61 386.0000001788139343 385.9999999999993179
coeff 62 -2213.9999998882412910 -2214.0000000000000000
coeff 63 -3784.9999999552965164 -3785.0000000000000000
coeff 64 -3000.9999997913837433 -3001.0000000000000000
coeff 65 -2994.9999998360872269 -2995.0000000000000000
coeff 66 5040.0000000894069672 5040.0000000000009095
coeff 67 -5378.9999998360872269 -5379.0000000000009095
coeff 68 4803.9999999850988388 4804.0000000000009095
coeff 69 -3056.9999998211860657 -3057.0000000000000000
coeff 70 -3641.9999997913837433 -3641.9999999999981810
coeff 71 -600.9999997988343239 -601.0000000000000000
coeff 72 1609.0000000596046448 1609.0000000000000000
coeff 73 -1028.9999998062849045 -1029.0000000000018190
coeff 74 2845.0000001415610313 2845.0000000000000000
coeff 75 1039.0000001788139343 1038.9999999999986358
coeff 76 -281.9999998509883881 -282.0000000000000000
coeff 77 271.0000002086162567 271.0000000000009663
coeff 78 -5010.9999997913837433 -5011.0000000000000000
coeff 79 5945.0000000530853868 5944.9999999999990905
coeff 80 534.0000003501772881 533.9999999999981810
coeff 81 -5896.9999999254941940 -5896.9999999999981810
coeff 82 -5791.9999998062849045 -5792.0000000000009095
coeff 83 -5183.9999998807907104 -5184.0000000000018190
coeff 84 -5759.9999999254941940 -5759.9999999999990905
coeff 85 871.0000001192092896 871.0000000000007958
coeff 86 3434.0000000596046448 3433.9999999999990905
coeff 87 1700.0000002384185791 1700.0000000000000000
coeff 88 -720.9999998435378075 -721.0000000000000000
coeff 89 -204.9999999850988388 -204.9999999999990905
coeff 91 760.0000000968575478 760.0000000000011369
coeff 92 -5772.9999998882412910 -5773.0000000000000000
coeff 93 -2971.9999997317790985 -2972.0000000000000000
coeff 94 3341.0000001527369022 3340.9999999999990905
coeff 95 5034.0000000000000000 5034.0000000000009095
coeff 96 5249.0000001192092896 5248.9999999999990905
coeff 98 1660.0000000894069672 1660.0000000000004547
coeff 99 278.0000000745058060 277.9999999999981810
coeff 100 1235.0000000894069672 1235.0000000000002274
coeff 101 -4915.9999998062849045 -4916.0000000000000000
coeff 102 5772.0000000894069672 5772.0000000000018190
coeff 103 -2726.9999999105930328 -2727.0000000000000000
coeff 104 -1997.9999998696148396 -1998.0000000000000000
coeff 105 -5512.0000000298023224 -5512.0000000000009095
coeff 106 -2337.9999998323619366 -2338.0000000000000000
coeff 107 -2537.9999999105930328 -2538.0000000000000000
coeff 108 -3273.9999999627470970 -3274.0000000000000000
coeff 109 -904.9999999329447746 -905.0000000000000000
coeff 110 -5102.0000002086162567 -5102.0000000000000000
coeff 111 5663.9999999850988388 5664.0000000000000000
coeff 112 3857.0000000894069672 3856.9999999999995453
coeff 113 -2432.0000000596046448 -2432.0000000000000000
coeff 114 -1117.9999999366700649 -1118.0000000000000000
coeff 115 -4309.9999998956918716 -4309.9999999999981810
coeff 116 2816.0000000447034836 2815.9999999999995453
coeff 117 -1943.9999999105930328 -1944.0000000000000000
coeff 118 -1877.9999998807907104 -1878.0000000000000000
coeff 119 -3182.9999999627470970 -3183.0000000000000000
coeff 120 5857.0000001117587090 5856.9999999999990905
coeff 121 4771.0000000894069672 4771.0000000000000000
coeff 122 297.0000000447034836 297.0000000000000000
coeff 123 -1525.9999998733401299 -1526.0000000000000000
coeff 124 4011.0000001136213541 4011.0000000000000000
coeff 125 -2413.9999997876584530 -2414.0000000000000000
coeff 126 2400.0000000447034836 2400.0000000000009095
coeff 127 2466.0000000596046448 2465.9999999999995453
coeff 128 -5461.9999999850988388 -5462.0000000000000000
coeff 129 4096.0000000800937414 4095.9999999999986358
coeff 130 5114.0000001117587090 5114.0000000000009095
coeff 131 -6103.9999998519197106 -6104.0000000000009095
coeff 132 3214.0000001639127731 3213.9999999999995453
coeff 133 614.0000000968575478 614.0000000000018190
coeff 134 -1721.9999998155981302 -1722.0000000000011369
coeff 135 -5304.9999998807907104 -5305.0000000000000000
coeff 136 5159.0000000298023224 5159.0000000000000000
coeff 137 3163.0000000596046448 3162.9999999999995453
coeff 138 3384.0000001192092896 3384.0000000000000000
coeff 139 2155.0000001154839993 2154.9999999999995453
coeff 140 -277.9999998658895493 -278.0000000000011937
coeff 141 2262.0000000819563866 2261.9999999999986358
coeff 142 -5156.9999999785795808 -5156.9999999999990905
coeff 143 -129.0000000810250640 -128.9999999999998295
coeff 144 -1425.9999999105930328 -1426.0000000000000000
coeff 145 4213.0000000447034836 4212.9999999999990905
coeff 146 -2886.9999999478459358 -2887.0000000000000000
coeff 147 2753.0000001564621925 2753.0000000000004547
coeff 148 2921.9999999850988388 2921.9999999999981810
coeff 149 5616.0000002160668373 5616.0000000000000000
coeff 150 4005.9999998738057911 4006.0000000000000000
coeff 152 1872.0000001176958904 1871.9999999999997726
coeff 153 4236.9999999552965164 4237.0000000000018190
coeff 154 2749.0000001490116119 2749.0000000000000000
coeff 155 4909.9999999962747097 4910.0000000000009095
coeff 156 -5087.0000000512227416 -5087.0000000000009095
coeff 157 609.0000000149011612 609.0000000000002274
coeff 158 -5061.9999999105930328 -5062.0000000000000000
coeff 159 -5202.0000000223517418 -5202.0000000000000000
coeff 160 1657.0000001341104507 1657.0000000000002274
coeff 161 5889.9999999683350325 5890.0000000000009095
coeff 162 649.0000001303851604 649.0000000000003411
coeff 163 -205.9999999850988388 -205.9999999999998295
coeff 164 -5788.9999999552965164 -5789.0000000000009095
coeff 165 3850.0000001415610313 3849.9999999999981810
coeff 166 1654.0000001341104507 1654.0000000000004547
coeff 167 2735.0000001639127731 2735.0000000000004547
coeff 168 3158.0000002011656761 3158.0000000000000000
coeff 169 -3500.9999999313149601 -3501.0000000000000000
coeff 170 -2491.9999999664723873 -2492.0000000000000000
coeff 171 4326.0000000819563866 4326.0000000000000000
coeff 172 38.0000000596046448 38.0000000000014779
coeff 173 3128.0000000596046448 3128.0000000000009095
coeff 174 -2256.9999999888241291 -2257.0000000000000000
coeff 175 -3176.9999999157153070 -3177.0000000000000000
coeff 176 -5902.9999998491257429 -5903.0000000000000000
coeff 177 -868.9999999552965164 -869.0000000000000000
coeff 178 5960.0000001788139343 5960.0000000000009095
coeff 179 -54.9999999403953552 -55.0000000000006821
coeff 180 890.0000000894069672 889.9999999999981810
coeff 181 3173.0000001043081284 3173.0000000000009095
coeff 182 730.0000000819563866 729.9999999999998863
coeff 183 6095.0000001341104507 6095.0000000000000000
coeff 184 -5286.0000000000000000 -5285.9999999999990905
coeff 185 3757.0000001490116119 3757.0000000000000000
coeff 186 4703.0000000149011612 4703.0000000000009095
coeff 187 -4611.9999998062849045 -4611.9999999999990905
coeff 188 417.0000000223517418 417.0000000000004547
coeff 189 1975.0000001192092896 1975.0000000000009095
coeff 190 4747.0000000745058060 4746.9999999999990905
coeff 191 3012.0000001490116119 3011.9999999999995453
coeff 192 3356.0000002384185791 3356.0000000000009095
coeff 193 674.0000000558793545 674.0000000000002274
coeff 194 -4460.9999999105930328 -4461.0000000000000000
coeff 195 -1783.9999998211860657 -1784.0000000000000000
coeff 196 -1653.9999999403953552 -1654.0000000000000000
coeff 197 -4866.9999997913837433 -4866.9999999999990905
coeff 198 -2581.9999999254941940 -2582.0000000000000000
coeff 199 -4150.9999999403953552 -4151.0000000000000000
coeff 200 -1566.9999999105930328 -1567.0000000000018190
coeff 201 -4710.9999998733401299 -4711.0000000000018190
coeff 202 -191.0000001192092896 -191.0000000000006821
coeff 203 2144.0000001825392246 2144.0000000000004547
coeff 204 -4413.0000001192092896 -4413.0000000000018190
coeff 205 -4741.9999999180436134 -4742.0000000000009095
coeff 206 -5125.9999999254941940 -5126.0000000000000000
coeff 207 5165.0000001639127731 5165.0000000000000000
coeff 208 4778.9999999850988388 4779.0000000000000000
coeff 209 548.0000000894069672 548.0000000000003411
coeff 210 1221.0000000447034836 1220.9999999999993179
coeff 211 -520.0000000149011612 -520.0000000000006821
coeff 212 -5819.0000000894069672 -5819.0000000000009095
coeff 213 6142.0000000894069672 6142.0000000000000000
coeff 214 -2962.9999999646097422 -2963.0000000000000000
coeff 215 4175.9999999143183231 4176.0000000000000000
coeff 216 -6111.9999999701976776 -6112.0000000000018190
coeff 217 1275.9999999231658876 1276.0000000000011369
coeff 218 -59.9999999701976776 -59.9999999999985221
coeff 219 5483.9999999031424522 5484.0000000000009095
coeff 220 -5389.9999999832361937 -5389.9999999999990905
coeff 221 371.0000000577419996 370.9999999999998863
coeff 222 2944.9999999627470970 2945.0000000000004547
coeff 223 -6089.9999999813735485 -6090.0000000000000000
coeff 224 -2186.9999999701976776 -2187.0000000000000000
coeff 225 99.9999999552965164 100.0000000000000000
coeff 226 2024.9999998658895493 2025.0000000000002274
coeff 227 3594.0000000614672899 3594.0000000000004547
coeff 228 4916.0000001564621925 4916.0000000000009095
coeff 229 2407.0000000596046448 2407.0000000000009095
coeff 230 -4650.0000000298023224 -4650.0000000000000000
coeff 231 5109.9999999538995326 5110.0000000000000000
coeff 232 -5141.9999999180436134 -5142.0000000000000000
coeff 233 -2757.9999999888241291 -2758.0000000000018190
coeff 234 -517.9999998863786459 -517.9999999999981810
coeff 235 3524.0000001713633537 3524.0000000000004547
coeff 236 488.0000000447034836 487.9999999999988063
coeff 237 1678.0000000447034836 1678.0000000000002274
coeff 238 -4855.0000000000000000 -4854.9999999999990905
coeff 239 911.0000000894069672 911.0000000000000000
coeff 240 -2651.9999999254941940 -2651.9999999999981810
coeff 241 -3226.9999999850988388 -3226.9999999999981810
coeff 242 -1350.9999999552965164 -1351.0000000000018190
coeff 243 5189.0000001192092896 5189.0000000000000000
coeff 244 2525.0000001040752977 2525.0000000000009095
coeff 245 4574.0000001278240234 4574.0000000000000000
coeff 246 1434.0000001117587090 1434.0000000000004547
coeff 247 -2916.9999999962747097 -2917.0000000000000000
coeff 248 492.0000001341104507 492.0000000000000000
coeff 249 -879.9999999552965164 -880.0000000000000000
coeff 250 3972.0000000894069672 3972.0000000000009095
coeff 251 -1468.9999999552965164 -1468.9999999999981810
coeff 252 1638.0000000298023224 1637.9999999999997726
coeff 253 -1464.9999998956918716 -1465.0000000000018190
coeff 254 4803.0000000447034836 4802.9999999999981810
coeff 255 1882.0000002086162567 1882.0000000000000000
coeff 256 2144.0000002086162567 2143.9999999999995453
coeff 257 1186.9999999701976776 1186.9999999999984084
coeff 258 -5452.0000001043081284 -5451.9999999999990905
coeff 259 3373.0000000149011612 3372.9999999999995453
coeff 260 -5476.9999999143183231 -5476.9999999999990905
coeff 261 -4678.9999998211860657 -4679.0000000000009095
coeff 262 3587.0000000372529030 3587.0000000000000000
coeff 263 -1717.9999998733401299 -1718.0000000000000000
coeff 264 -2295.9999999105930328 -2296.0000000000000000
coeff 265 6141.0000001788139343 6141.0000000000000000
coeff 266 -1356.9999999254941940 -1357.0000000000000000
coeff 267 -1867.9999998360872269 -1868.0000000000000000
coeff 268 -5143.9999998807907104 -5144.0000000000009095
coeff 269 1889.0000000745058060 1888.9999999999990905
coeff 270 5572.9999999850988388 5572.9999999999990905
coeff 271 4333.9999999850988388 4334.0000000000000000
coeff 272 2170.0000000447034836 2170.0000000000000000
coeff 273 -527.9999998882412910 -528.0000000000018190
coeff 274 -1221.9999998733401299 -1221.9999999999990905
coeff 275 -3442.9999998211860657 -3443.0000000000000000
coeff 276 3582.0000000670552254 3581.9999999999990905
coeff 277 -882.9999999254941940 -883.0000000000000000
coeff 278 -79.0000001266598701 -79.0000000000000000
coeff 279 -1431.9999998807907104 -1432.0000000000000000
coeff 280 347.0000000447034836 347.0000000000000000
coeff 281 4499.0000001639127731 4499.0000000000000000
coeff 282 -3453.9999999850988388 -3454.0000000000000000
coeff 283 1888.0000000596046448 1888.0000000000004547
coeff 284 65.9999999403953552 65.9999999999994884
coeff 285 -753.0000001192092896 -753.0000000000000000
coeff 286 4902.0000000149011612 4901.9999999999990905
coeff 287 3682.0000001192092896 3682.0000000000009095
coeff 288 5178.0000000074505806 5177.9999999999990905
coeff 289 3716.0000000521540642 3716.0000000000000000
coeff 290 -4059.0000000745058060 -4059.0000000000000000
coeff 291 -303.0000000149011612 -302.9999999999992042
coeff 292 -2290.9999999850988388 -2290.9999999999981810
coeff 293 -5670.9999998658895493 -5671.0000000000000000
coeff 294 -1208.9999999552965164 -1209.0000000000000000
coeff 295 -5131.0000000000000000 -5131.0000000000009095
coeff 296 -5338.9999998807907104 -5339.0000000000009095
coeff 297 -5545.0000000298023224 -5545.0000000000000000
coeff 298 -4528.9999999701976776 -4529.0000000000009095
coeff 299 -4115.0000000000000000 -4114.9999999999990905
coeff 300 3809.0000001043081284 3809.0000000000000000
coeff 301 -1277.9999998807907104 -1278.0000000000000000
coeff 303 -1715.9999998658895493 -1716.0000000000018190
coeff 304 -4282.9999999105930328 -4283.0000000000000000
coeff 305 5276.0000002086162567 5276.0000000000000000
coeff 306 1435.0000000149011612 1435.0000000000006821
coeff 307 5519.0000001490116119 5519.0000000000000000
coeff 308 3586.0000001788139343 3586.0000000000004547
coeff 309 -2738.9999998807907104 -2739.0000000000018190
coeff 310 3327.0000000894069672 3327.0000000000000000
coeff 311 3718.0000000894069672 3717.9999999999995453
coeff 312 -5373.9999997615814209 -5374.0000000000000000
coeff 313 3934.0000001490116119 3933.9999999999995453
coeff 314 -5018.9999998584389687 -5019.0000000000000000
coeff 315 5878.9999999627470970 5879.0000000000018190
coeff 316 -1797.9999999552965164 -1798.0000000000000000
coeff 317 949.0000000149011612 948.9999999999992042
coeff 318 2057.0000000298023224 2057.0000000000009095
coeff 319 4789.0000000894069672 4788.9999999999990905
coeff 320 -1789.9999998211860657 -1790.0000000000000000
coeff 321 -3435.9999998509883881 -3436.0000000000000000
coeff 322 -3974.9999999403953552 -3975.0000000000000000
coeff 323 -2875.9999997615814209 -2876.0000000000000000
coeff 324 -4329.9999999403953552 -4330.0000000000018190
coeff 325 -1964.9999999105930328 -1964.9999999999981810
coeff 326 283.0000001490116119 282.9999999999997726
coeff 327 3153.0000000596046448 3153.0000000000009095
coeff 328 1215.9999999701976776 1216.0000000000013642
coeff 329 -6004.0000000596046448 -6003.9999999999990905
coeff 330 4858.0000000596046448 4858.0000000000000000
coeff 331 468.0000000670552254 467.9999999999981810
coeff 332 -3914.9999998807907104 -3915.0000000000000000
coeff 333 -14.0000000298023224 -14.0000000000016485
coeff 334 4797.9999999105930328 4798.0000000000018190
coeff 335 -4846.9999998807907104 -4847.0000000000009095
coeff 336 1759.0000001043081284 1758.9999999999997726
coeff 337 -789.9999999105930328 -790.0000000000000000
coeff 339 812.0000000596046448 812.0000000000018190
coeff 340 -924.0000000298023224 -924.0000000000002274
coeff 341 -3623.9999998360872269 -3624.0000000000000000
coeff 342 -1333.0000001043081284 -1333.0000000000018190
coeff 343 4400.0000000000000000 4400.0000000000009095
coeff 344 -5961.9999999850988388 -5962.0000000000000000
coeff 345 4943.9999997951090336 4944.0000000000000000
coeff 346 5442.9999999031424522 5443.0000000000018190
coeff 347 -390.9999999701976776 -391.0000000000000000
coeff 348 4436.9999998956918716 4437.0000000000000000
coeff 349 1759.0000000521540642 1759.0000000000004547
coeff 350 1169.9999999254941940 1170.0000000000000000
coeff 351 2195.9999999254941940 2195.9999999999990905
coeff 352 1142.9999998211860657 1143.0000000000000000
coeff 353 -5540.0000000447034836 -5539.9999999999981810
coeff 354 3462.9999999795109034 3463.0000000000004547
coeff 355 3225.9999999739229679 3226.0000000000004547
coeff 356 3287.9999999031424522 3288.0000000000018190
coeff 357 4855.0000000074505806 4855.0000000000009095
coeff 358 -4264.0000001192092896 -4263.9999999999990905
coeff 359 62.0000001052394509 62.0000000000000000
coeff 360 -6065.0000001192092896 -6064.9999999999990905
coeff 361 4280.9999999552965164 4281.0000000000000000
coeff 362 -4293.0000000894069672 -4292.9999999999990905
coeff 363 -6081.9999999105930328 -6082.0000000000000000
coeff 364 -4570.0000001396983862 -4570.0000000000009095
coeff 365 5168.0000001788139343 5167.9999999999990905
coeff 366 229.9999999254941940 230.0000000000000000
coeff 367 2366.0000000707805157 2366.0000000000000000
coeff 368 663.9999999403953552 664.0000000000000000
coeff 369 2458.9999999357387424 2459.0000000000009095
coeff 370 -3212.9999999254941940 -3213.0000000000000000
coeff 371 -1706.0000000447034836 -1705.9999999999981810
coeff 372 -354.9999999552965164 -355.0000000000009095
coeff 373 3669.9999999403953552 3669.9999999999995453
coeff 374 2045.9999999850988388 2046.0000000000002274
coeff 375 5525.9999999701976776 5525.9999999999990905
coeff 376 4028.9999999180436134 4029.0000000000013642
coeff 377 2313.0000000447034836 2312.9999999999995453
coeff 378 2227.9999999701976776 2228.0000000000018190
coeff 379 -338.9999999031424522 -339.0000000000002274
coeff 380 -1435.0000000484287739 -1435.0000000000000000
coeff 381 2470.0000000447034836 2469.9999999999995453
coeff 382 1573.9999999403953552 1573.9999999999997726
coeff 383 2506.0000000819563866 2505.9999999999990905
coeff 385 -3712.9999999552965164 -3712.9999999999981810
coeff 386 -593.9999999105930328 -594.0000000000018190
coeff 387 5329.0000000074505806 5329.0000000000000000
coeff 388 -3631.0000000223517418 -3630.9999999999981810
coeff 389 1659.9999999925494194 1659.9999999999974989
coeff 390 -4565.0000000447034836 -4565.0000000000000000
coeff 392 -3856.0000000298023224 -3856.0000000000000000
coeff 393 3875.9999999403953552 3875.9999999999990905
coeff 394 -5859.0000000894069672 -5859.0000000000000000
coeff 395 -5999.0000001005828381 -5999.0000000000000000
coeff 396 -1766.0000000633299351 -1766.0000000000000000
coeff 397 5320.9999999284191290 5321.0000000000009095
coeff 398 -3536.0000001192092896 -3536.0000000000000000
coeff 399 -5823.0000000819563866 -5823.0000000000009095
coeff 400 -1643.0000001210719347 -1642.9999999999981810
coeff 401 792.0000000596046448 792.0000000000004547
coeff 402 3205.9999999646097422 3206.0000000000018190
coeff 403 1760.9999998882412910 1761.0000000000018190
coeff 404 -4960.0000000596046448 -4960.0000000000000000
coeff 405 -3772.0000001192092896 -3772.0000000000000000
coeff 406 2365.9999998309649527 2366.0000000000004547
coeff 407 -3559.0000000894069672 -3559.0000000000000000
coeff 408 4104.0000000298023224 4103.9999999999990905
coeff 409 3721.9999998509883881 3722.0000000000000000
coeff 410 5337.9999999925494194 5338.0000000000000000
coeff 411 4093.0000000670552254 4093.0000000000000000
coeff 412 5243.0000000745058060 5243.0000000000000000
coeff 413 -6097.0000001788139343 -6097.0000000000000000
coeff 414 2732.9999999925494194 2733.0000000000009095
coeff 415 2735.9999999254941940 2736.0000000000009095
coeff 416 5906.9999999850988388 5906.9999999999990905
coeff 417 2149.9999999403953552 2150.0000000000004547
coeff 418 -1401.9999999552965164 -1402.0000000000000000
coeff 419 -1514.0000000447034836 -1514.0000000000000000
coeff 420 1415.9999998193234205 1415.9999999999997726
coeff 421 -1642.9999999701976776 -1643.0000000000018190
coeff 422 5615.9999998509883881 5615.9999999999990905
coeff 423 5115.0000000149011612 5115.0000000000009095
coeff 424 814.0000000521540642 813.9999999999992042
coeff 425 1747.9999999701976776 1748.0000000000013642
coeff 426 -3118.0000000298023224 -3118.0000000000000000
coeff 427 2772.9999999850988388 2773.0000000000013642
coeff 428 726.0000000298023224 725.9999999999995453
coeff 429 2011.0000000596046448 2010.9999999999997726
coeff 430 1780.9999998658895493 1781.0000000000000000
coeff 431 5574.9999999701976776 5574.9999999999981810
coeff 432 -3326.0000000894069672 -3326.0000000000000000
coeff 433 -5778.9999999850988388 -5778.9999999999990905
coeff 434 -1000.0000000819563866 -1000.0000000000000000
coeff 435 -2305.9999999552965164 -2306.0000000000000000
coeff 436 -4145.9999999701976776 -4146.0000000000018190
coeff 437 2498.9999999850988388 2498.9999999999995453
coeff 438 5119.9999998956918716 5120.0000000000000000
coeff 439 -3792.9999997168779373 -3793.0000000000018190
coeff 440 -5132.0000002309679985 -5132.0000000000000000
coeff 441 -5872.0000001639127731 -5872.0000000000009095
coeff 442 -4251.0000000074505806 -4250.9999999999990905
coeff 443 1221.0000000298023224 1220.9999999999986358
coeff 444 -3393.0000000372529030 -3393.0000000000000000
coeff 445 -5361.9999999403953552 -5362.0000000000000000
coeff 446 -2581.0000001043081284 -2581.0000000000018190
coeff 447 3314.0000000391155481 3314.0000000000004547
coeff 449 -4735.0000000298023224 -4735.0000000000009095
coeff 450 2548.9999999701976776 2549.0000000000000000
coeff 452 5943.9999999962747097 5944.0000000000000000
coeff 453 980.9999999701976776 981.0000000000010232
coeff 454 -2736.0000000223517418 -2736.0000000000000000
coeff 455 -1577.9999999552965164 -1578.0000000000000000
coeff 456 4012.0000000000000000 4011.9999999999990905
coeff 457 -1967.0000000372529030 -1967.0000000000000000
coeff 458 5041.9999998286366463 5042.0000000000000000
coeff 459 -93.0000000149011612 -93.0000000000007390
coeff 460 -5542.0000000149011612 -5541.9999999999990905
coeff 461 3713.9999999776482582 3713.9999999999986358
coeff 462 1852.0000000000000000 1852.0000000000004547
coeff 463 4497.0000001341104507 4497.0000000000000000
coeff 464 3823.9999999254941940 3824.0000000000000000
coeff 465 4286.9999999701976776 4286.9999999999990905
coeff 466 4216.9999999850988388 4217.0000000000009095
coeff 467 -2480.9999999850988388 -2481.0000000000000000
coeff 468 -1670.0000000894069672 -1670.0000000000000000
coeff 469 2496.0000000298023224 2496.0000000000009095
coeff 470 -296.9999999701976776 -296.9999999999997726
coeff 471 -5594.0000000745058060 -5594.0000000000000000
coeff 472 -3444.0000000074505806 -3443.9999999999981810
coeff 473 -5485.0000001564621925 -5485.0000000000000000
coeff 474 -855.0000000298023224 -855.0000000000000000
coeff 475 698.9999999552965164 699.0000000000015916
coeff 476 -1163.9999998509883881 -1164.0000000000000000
coeff 477 852.0000000298023224 852.0000000000010232
coeff 478 858.9999998733401299 859.0000000000000000
coeff 479 -1461.9999997764825821 -1462.0000000000000000
coeff 480 -184.9999999850988388 -185.0000000000022737
coeff 481 402.9999999701976776 403.0000000000000000
coeff 482 -3291.9999998509883881 -3291.9999999999981810
coeff 483 -1115.9999999850988388 -1116.0000000000018190
coeff 484 -4762.9999999105930328 -4763.0000000000000000
coeff 485 4553.0000000298023224 4553.0000000000009095
coeff 486 3011.0000000000000000 3010.9999999999990905
coeff 487 2747.9999999478459358 2747.9999999999990905
coeff 488 5298.9999999254941940 5299.0000000000000000
coeff 489 -5437.0000000894069672 -5437.0000000000009095
coeff 490 -4586.9999999031424522 -4586.9999999999990905
coeff 491 -1705.0000000447034836 -1705.0000000000000000
coeff 492 4669.0000000149011612 4668.9999999999990905
coeff 493 -3752.9999999627470970 -3752.9999999999981810
coeff 495 67.0000001490116119 66.9999999999992895
coeff 496 -4818.0000000596046448 -4818.0000000000000000
coeff 497 -500.0000000596046448 -500.0000000000000000
coeff 498 3413.0000000149011612 3413.0000000000000000
coeff 499 1221.0000000000000000 1221.0000000000009095
coeff 500 4571.0000000298023224 4571.0000000000009095
coeff 501 -2131.0000000298023224 -2131.0000000000000000
coeff 502 -3343.0000000763684511 -3343.0000000000000000
coeff 503 -2644.0000000149011612 -2644.0000000000018190
coeff 504 -5518.0000000745058060 -5517.9999999999990905
coeff 505 -2887.0000000670552254 -2887.0000000000000000
coeff 506 -2802.9999999776482582 -2803.0000000000000000
coeff 507 -5703.0000000819563866 -5703.0000000000000000
coeff 508 1181.9999998733401299 1182.0000000000000000
coeff 509 1653.0000001639127731 1653.0000000000015916
coeff 510 -4838.9999999739229679 -4839.0000000000009095
coeff 511 4605.0000000093132257 4605.0000000000000000
